51,6,0,69,B5,88,23,70
51,6,0,1,0,1,15,9A
51,6,0,1,0,0,D4,5A
51,6,0,0,0,0,85,9A
---------- Calibration done ----------
51,6,0,69,B5,88,23,70,51,3,2,0,0,78,48,51,6,0,1,0,1,15,9A,51,6,0,1,0,0,D4,5A,51,6,0,0,0,0,85,9A,0,0,0,0,0,0,0,0,0,0,0,0,0,0,0,0,0,0,0,0,0,0,0,0,
WT901C485 read

Acceleration
51,3,6,0,0,0,0,7,FF,9F,6,
0.00   0.00   0.00

Angle
51,3,6,FF,FF,0,1,13,12,1,90,
360.00   0.00   26.00

Acceleration
51,3,6,0,0,FF,FF,7,FE,5E,E2,
0.00   31.00   0.00

Angle
51,3,6,FF,FE,0,1,13,20,BD,85,
360.00   0.00   26.00

Acceleration
51,3,6,0,0,0,0,7,FE,5E,C6,
0.00   0.00   0.00

Angle
51,3,6,FF,FE,0,1,13,20,BD,85,
360.00   0.00   26.00

Acceleration
51,3,6,0,0,FF,FF,7,FD,1E,E3,
0.00   31.00   0.00

Angle
51,3,6,FF,FE,0,1,13,20,BD,85,
360.00   0.00   26.00

Acceleration
51,3,6,0,0,FF,FF,7,FD,1E,E3,
0.00   31.00   0.00
