---------- Acceleration Calibration Init ----------
50,6,0,69,B5,88,22,A1
50,6,0,1,0,1,14,4B
50,6,0,1,0,0,D5,8B
50,6,0,0,0,0,84,4B
---------- Acceleration Calibration Init ----------
51,6,0,69,B5,88,23,70
51,6,0,1,0,1,15,9A
51,6,0,1,0,0,D4,5A
51,6,0,0,0,0,85,9A
--------------- Calibration Done ---------------
FF,FF,FF,51,3,2,0,0,78,48,50,3,2,0,0,45,88,50,6,0,1,0,1,14,4B,50,6,0,1,0,0,D5,8B,50,6,0,0,0,0,84,4B,51,6,0,69,B5,88,23,70,51,6,0,1,0,1,15,9A,51,6,0,1,0,0,D4,5A,51,6,0,0,0,0,85,9A,0,0,0,0,0,0,0,0,0,0,0,0,0,0,0,0,0,0,0,0,0,0,0,0,0,0,0,
WT901C485 read

Acceleration
50,3,6,0,17,FF,E3,8,0,62,C7,
0.00   31.00   1.00

Angle
50,3,6,FF,6F,FF,89,0,24,F1,5,
359.00   359.00   0.00

Angular Velocity
50,3,6,0,0,0,0,0,0,D0,E6,
0.00   0.00   0.00

Acceleration
51,3,6,FF,FF,0,0,8,1,1B,6D,
31.00   0.00   1.00

Angle
51,3,6,FF,DA,FF,DE,F,92,44,D9,
359.00   359.00   21.00

Angular Velocity
51,3,6,FF,FB,FF,FE,1,FF,3C,99,
4095.00   4095.00   31.00

Acceleration
50,3,6,0,18,FF,DE,7,FF,E2,BA,
0.00   31.00   0.00

Angle
50,3,6,FF,76,FF,69,FD,E,2C,7E,
359.00   359.00   355.00

Angular Velocity
50,3,6,0,5,FF,DB,FF,7F,5C,D9,
0.00   4093.00   4087.00

Acceleration
51,3,6,0,A,0,0,8,0,42,B7,
0.00   0.00   1.00

Angle
51,3,6,0,5,0,7,2,CA,21,80,
0.00   0.00   3.00
