---------- Acceleration Calibration Init ----------
50,6,0,69,B5,88,22,A1
50,6,0,1,0,1,14,4B
50,6,0,1,0,0,D5,8B
50,6,0,0,0,0,84,4B
---------- Acceleration Calibration Init ----------
51,6,0,69,B5,88,23,70
51,6,0,1,0,1,15,9A
51,6,0,1,0,0,D4,5A
51,6,0,0,0,0,85,9A
--------------- Calibration Done ---------------
50,6,0,69,B5,88,22,A1,50,1,2,0,0,1,8,48,50,6,0,1,0,1,14,4B,50,6,0,1,0,0,D5,8B,50,6,0,0,0,0,84,4B,51,6,0,69,B5,88,23,70,51,6,0,1,0,1,15,9A,51,6,0,1,0,0,D4,5A,51,6,0,0,0,0,85,9A,0,0,0,0,0,0,0,0,0,0,0,0,0,0,0,0,0,0,0,0,0,0,0,0,0,0,0,0,
WT901C485 read

Acceleration
50,3,6,0,3,0,0,7,FE,17,56,
0.00   0.00   0.00

Acceleration
51,3,6,0,0,0,0,7,FF,9F,6,
0.00   0.00   0.00

Acceleration
50,3,6,0,0,0,0,7,FF,92,96,
0.00   0.00   0.00

Acceleration
51,3,6,0,0,FF,FF,7,FF,9F,22,
0.00   31.00   0.00

Acceleration
50,3,6,0,0,0,0,7,FF,92,96,
0.00   0.00   0.00

Acceleration
51,3,6,0,0,0,0,7,FE,5E,C6,
0.00   0.00   0.00

Acceleration
50,3,6,0,0,0,0,7,FE,53,56,
0.00   0.00   0.00

Acceleration
51,3,6,0,0,0,0,7,FF,9F,6,
0.00   0.00   0.00

Acceleration
50,3,6,0,0,0,0,7,FE,53,56,
0.00   0.00   0.00

Acceleration
51,3,6,FF,91,0,54,8,3,32,B5,
31.00   0.00   1.00

Acceleration
50,3,6,FE,6B,0,DC,7,EF,62,B7,
31.00   0.00   0.00

Acceleration
51,3,6,FF,FA,0,8,7,FF,D2,DF,
31.00   0.00   0.00

Acceleration
50,3,6,FF,ED,0,2,7,FE,4A,8E,
31.00   0.00   0.00
